<?xml version="1.0"?>
<opencv_storage>
    <Intrinsic_Parameters type_id="opencv-matrix">
        <rows>3</rows>
        <cols>3</cols>
        <dt>d</dt>
        <data>
            10.6292187348e+02 0. 6.52968097189e+02 0.
            10.5890734853e+02 4.17205685316e+02 0. 0. 1.</data></Intrinsic_Parameters>
    <Distorion_Coeffecients type_id="opencv-matrix">
        <rows>1</rows>
        <cols>5</cols>
        <dt>d</dt>
        <data>
            -3.4840305219021345e-01 -2.3622073595921056e-01
            1.5321559061056778e-05 -8.5472390927414082e-03
            6.3451787816890792e-01</data></Distorion_Coeffecients>
</opencv_storage>
